61.8466,61
61.8466,60
61.8466,60
61.8466,60
61.8466,61
61.8466,62
61.8466,61
61.8466,61
61.8466,65
61.8466,61
61.8466,60
61.8466,60
61.8466,62
61.8466,63
61.8466,60
61.8466,60
61.8466,60
61.8466,60
61.8466,60
61.8466,60
61.8466,61
61.8466,59
61.8466,60
61.8466,60
61.8466,60
61.8466,60
61.8466,62
61.8466,60
61.8466,62
61.8466,60
61.8466,62
61.8466,63
61.8466,62
61.8466,60
61.8466,63
61.8466,60
61.8466,60
61.8466,61
61.8466,61
61.8466,61
61.8466,60
61.8466,60
61.8466,61
61.8466,60
61.8466,64
61.8466,60
61.8466,61
61.8466,61
61.8466,60
61.8466,60
61.8466,60
61.8466,60
61.8466,63
61.8466,60
61.8466,63
61.8466,60
61.8466,60
61.8466,61
61.8466,60
61.8466,60
61.8466,60
61.8466,123
61.8466,60
61.8466,63
61.8466,60
61.8466,62
61.8466,61
61.8466,61
61.8466,61
61.8466,59
61.8466,62
61.8466,59
61.8466,60
61.8466,61
61.8466,64
61.8466,62
61.8466,60
61.8466,60
61.8466,125
61.8466,60
61.8466,60
61.8466,62
61.8466,61
61.8466,60
61.8466,63
61.8466,60
61.8466,60
61.8466,61
61.8466,60
61.8466,61
61.8466,61
61.8466,62
61.8466,60
61.8466,60
61.8466,60
61.8466,60
61.8466,60
61.8466,60
61.8466,60
61.8466,60
61.8466,60
61.8466,61
61.8466,61
61.8466,60
61.8466,62
61.8466,60
61.8466,62
61.8466,61
61.8466,60
61.8466,62
61.8466,60
61.8466,61
61.8466,61
61.8466,60
61.8466,62
61.8466,61
61.8466,60
61.8466,60
61.8466,60
61.8466,60
61.8466,62
61.8466,61
61.8466,60
61.8466,60
61.8466,60
61.8466,60
61.8466,128
61.8466,60
61.8466,60
61.8466,61
61.8466,60
61.8466,60
61.8466,62
61.8466,60
61.8466,60
61.8466,60
61.8466,60
61.8466,60
61.8466,61
61.8466,61
61.8466,61
61.8466,60
61.8466,61
61.8466,61
61.8466,60
61.8466,60
61.8466,60
61.8466,60
61.8466,61
61.8466,61
61.8466,61
61.8466,60
61.8466,62
