61.8466,62
61.8466,62
61.8466,60
61.8466,60
61.8466,60
61.8466,60
61.8466,61
61.8466,60
61.8466,61
61.8466,60
61.8466,61
61.8466,61
61.8466,61
61.8466,60
61.8466,62
61.8466,61
61.8466,60
61.8466,61
61.8466,60
61.8466,61
61.8466,60
61.8466,61
61.8466,60
61.8466,60
61.8466,61
61.8466,61
61.8466,60
61.8466,60
61.8466,61
61.8466,62
61.8466,61
61.8466,61
61.8466,60
61.8466,60
61.8466,60
61.8466,60
61.8466,61
61.8466,60
61.8466,61
61.8466,60
61.8466,61
61.8466,60
61.8466,60
61.8466,61
61.8466,61
61.8466,61
61.8466,63
61.8466,61
61.8466,62
61.8466,60
61.8466,61
61.8466,62
61.8466,60
61.8466,60
61.8466,60
61.8466,61
61.8466,61
61.8466,61
61.8466,60
61.8466,60
61.8466,61
61.8466,61
61.8466,61
61.8466,59
61.8466,62
61.8466,60
61.8466,60
61.8466,61
61.8466,60
61.8466,61
61.8466,60
61.8466,60
61.8466,61
61.8466,61
61.8466,62
61.8466,61
61.8466,60
61.8466,61
61.8466,60
61.8466,61
61.8466,61
61.8466,60
61.8466,62
61.8466,60
61.8466,60
61.8466,62
61.8466,60
61.8466,61
61.8466,61
61.8466,60
61.8466,61
61.8466,61
61.8466,65
61.8466,60
61.8466,60
61.8466,61
61.8466,60
61.8466,61
61.8466,61
61.8466,60
61.8466,60
61.8466,60
61.8466,60
61.8466,62
61.8466,60
61.8466,61
61.8466,61
61.8466,60
61.8466,60
61.8466,60
61.8466,63
61.8466,61
61.8466,61
61.8466,61
61.8466,61
61.8466,61
61.8466,62
61.8466,61
61.8466,61
61.8466,60
61.8466,61
61.8466,60
61.8466,5
61.8466,61
61.8466,60
61.8466,61
