63.6396,60
63.6396,60
63.6396,61
63.6396,60
63.6396,59
63.6396,60
63.6396,61
63.6396,60
63.6396,60
63.6396,62
63.6396,65
63.6396,61
63.6396,60
63.6396,61
63.6396,61
63.6396,60
63.6396,59
63.6396,60
63.6396,61
63.6396,61
63.6396,59
63.6396,60
63.6396,61
63.6396,60
63.6396,61
63.6396,60
63.6396,60
63.6396,63
63.6396,59
63.6396,60
63.6396,62
63.6396,60
63.6396,61
63.6396,60
63.6396,120
63.6396,61
63.6396,59
63.6396,61
63.6396,60
63.6396,60
63.6396,59
63.6396,59
63.6396,60
63.6396,59
63.6396,60
63.6396,60
63.6396,63
63.6396,60
63.6396,60
63.6396,62
63.6396,60
63.6396,62
63.6396,59
63.6396,60
63.6396,59
63.6396,60
63.6396,113
63.6396,62
63.6396,59
63.6396,59
63.6396,62
63.6396,60
63.6396,59
63.6396,59
63.6396,60
63.6396,62
63.6396,60
63.6396,60
63.6396,60
63.6396,62
63.6396,61
63.6396,61
63.6396,60
63.6396,61
63.6396,59
63.6396,60
63.6396,59
63.6396,60
63.6396,115
63.6396,60
63.6396,62
63.6396,59
63.6396,64
63.6396,59
63.6396,59
63.6396,59
63.6396,60
63.6396,61
63.6396,59
63.6396,60
63.6396,59
63.6396,59
63.6396,60
63.6396,60
63.6396,59
63.6396,60
63.6396,60
63.6396,60
63.6396,60
63.6396,61
63.6396,60
63.6396,59
63.6396,59
63.6396,60
63.6396,61
63.6396,59
63.6396,349
63.6396,60
63.6396,59
63.6396,62
63.6396,61
63.6396,61
63.6396,60
63.6396,60
63.6396,59
63.6396,60
63.6396,64
63.6396,59
63.6396,59
63.6396,60
63.6396,60
63.6396,59
63.6396,64
63.6396,60
