-85,64
-85,64
-85,64
-85,64
-85,64
-85,64
-93.8938,63.0344
-93.265,63.1027
-92.5924,63.1757
-88.1497,63.658
-80.6509,64.4722
-80.3201,64.5081
-80.0294,64.5397
-78.4746,64.7085
-75.641,65.0161
-75.6325,65.017
-75.5875,65.0219
-75.0353,65.0819
-73.9986,65.1944
-73.9068,65.2044
-73.9002,65.2051
-73.7347,65.2231
-73.282,65.2722
-73.2381,65.277
-73.2717,65.2734
-73.2615,65.2745
-73.1495,65.2866
-73.1796,65.2834
-73.1592,65.2856
-73.1557,65.286
-73.0835,65.2938
-73.1151,65.2904
-73.1352,65.2882
-73.0672,65.2956
-73.0845,65.2937
-73.0396,65.2986
-73.0514,65.2973
-73.0723,65.295
-73.1019,65.2918
-73.0562,65.2967
-73.1065,65.2913
-73.0711,65.2951
-73.0101,65.3018
-73.0095,65.3018
-73.0617,65.2962
-73.0579,65.2966
-73.0037,65.3024
-72.9992,65.3029
-72.9711,65.306
-72.9788,65.3051
-72.9774,65.3053
-73.0288,65.2997
-73.0657,65.2957
-73.0619,65.2961
-73.0608,65.2962
-73.001,65.3027
-73.0597,65.2963
-73.0737,65.2947
-72.9588,65.3071
-72.9932,65.3033
-73.0609,65.2959
-73.017,65.3007
-73.0592,65.2958
-73.0323,65.2986
-73.0811,65.2931
-72.9559,65.3067
-72.9929,65.3018
-72.973,65.3036
-72.9946,65.3007
-72.9861,65.3016
-72.9503,65.3029
-72.9281,65.3045
-72.9656,65.2986
-73.0009,65.2946
-72.9996,65.2878
-72.9327,65.292
-72.9676,65.2828
-72.9719,65.2815
-72.9358,65.2656
-72.9245,65.2576
-73.0193,65.2326
-73.0446,65.2254
-72.9437,65.1802
-72.9411,65.1524
-72.9718,65.1124
-72.9933,65.0929
-72.8908,64.9392
-72.8378,64.8742
-72.8279,64.7557
-72.805,64.6929
-72.8174,64.2685
-72.7803,64.0127
-72.8079,63.6783
-72.8048,63.4486
-72.5509,62.3288
-72.4337,61.59
-72.3764,60.7014
-72.2771,59.9959
-72.0643,57.2768
-71.9103,55.6426
-71.6997,54.288
-71.6108,52.9112
-71.2006,48.9404
-70.968,46.9852
-70.8705,45.7311
-70.7108,44.2036
-70.385,41.1489
-70.2744,40.1031
-70.1559,38.9137
-70.0327,37.7297
-69.8537,36.3389
-69.7588,35.2592
-69.7135,34.5329
-69.6231,33.739
-69.5385,33.0888
-69.4576,32.412
-69.4365,31.9436
-69.4956,31.9848
-69.4174,31.2193
-69.3552,30.7617
-69.3528,31.0472
-69.314,30.5577
-69.2289,30.0383
-69.2433,30.2264
-69.2033,29.9422
-69.1443,29.5021
-69.1832,29.7386
-69.1423,29.4397
-69.125,29.2262
-69.0682,28.9329
-69.05,29.2918
-69.0165,28.9594
-69.0031,28.7678
-69.0621,29.1013
-69.0307,28.8121
-69.0223,28.5028
-69.0029,28.3541
-69.0257,28.6633
-69.0255,28.4631
-69.0395,28.8471
-69.0158,28.7198
-68.9589,28.3619
-68.95,28.2503
-68.9737,28.6291
-68.9698,28.4804
-68.9537,28.1912
-68.994,28.6932
-68.9878,28.4041
-68.994,28.2637
-69.0427,28.5387
-69.01,28.3863
-68.991,28.1295
-68.9862,28.0087
-69.0552,28.3294
-69.0073,28.2032
-69.0068,27.991
-69.0758,28.5155
-69.0309,28.2044
-69.0131,28.0978
-69.0478,28.5421
-69.0139,28.3674
-68.9751,28.0225
-68.9513,27.9756
-69.0019,28.3339
-68.9693,28.2117
-69.1004,28.3335
-69.0631,28.2893
-69.0551,28.0039
-69.0235,27.9357
-69.1146,28.1559
-69.1044,28.1234
-69.0824,27.8388
-69.0946,27.7738
-69.058,28.0307
-69.0252,28.0083
-69.0941,28.3907
-69.0751,28.3073
-69.0293,27.8848
-69.0384,27.8603
-69.0506,28.2013
-69.0517,28.0839
-69.0721,28.3085
-69.094,28.3015
-69.061,28.0125
-69.0561,27.8995
-69.0757,28.1894
-69.0582,28.1798
-69.0738,27.7066
-69.0862,27.6438
-69.0121,27.6504
-68.9871,27.5326
-69,27.3275
-69.0244,27.085
-69.1481,25.998
-69.1709,25.7897
-69.325,26.1918
-69.4644,26.0824
-69.3982,26.4787
-69.312,26.4807
-69.2591,26.3506
-69.2918,26.0499
-69.476,26.4398
-69.5419,26.3836
-69.7718,26.2429
-69.9212,26.7596
-70.0402,26.9529
-70.0677,27.1118
-70.2278,27.7983
-70.3114,27.8305
-70.3283,27.8763
-70.5248,28.4291
-70.5307,28.4344
-70.6083,28.3139
-70.6538,28.9067
-70.7024,28.847
-70.5706,28.8418
-70.2796,29.3804
-70.2263,29.3256
-70.1378,29.1394
-70.0631,28.9823
-69.8954,29.2063
-69.8727,29.1446
-69.7948,28.9187
-69.7933,29.3656
-69.6311,28.8976
-69.6153,28.8256
-69.5778,29.2713
-69.538,29.0777
-69.4409,28.5667
-69.4263,28.5657
-69.3894,28.982
-69.342,28.8086
-69.3815,29.0759
-69.3863,29.0586
-69.3583,28.7386
-69.327,28.598
-69.3168,28.8361
-69.3108,28.8134
-69.2466,28.4912
-69.2494,28.3714
-69.2131,28.5465
-69.214,28.5167
-69.1712,28.2498
-69.2442,28.7804
-69.1807,28.3223
-69.1602,28.2922
-69.1835,28.6338
-69.1688,28.505
-69.0893,28.092
-69.0703,28.1024
-69.1008,28.2871
-69.0944,28.2027
-69.0873,28.6754
-69.0919,28.6519
-69.0686,28.3206
-69.0711,28.2485
-69.0161,28.5474
-69.0058,28.5112
-68.965,28.2129
-68.9958,28.7721
-68.9088,28.3646
-68.9104,28.3584
-68.9389,28.67
-68.956,28.616
-68.91,28.2211
-68.8797,28.2175
-68.9221,28.4044
-68.9146,28.3506
-68.9583,28.5809
-68.9413,28.5688
-68.9242,28.2368
-68.9374,28.2011
-68.9751,28.5297
-68.9412,28.5029
-68.9382,28.1284
-68.9446,28.1048
-68.9584,28.3784
-68.9279,28.3862
-68.8971,28.6113
-68.8668,28.59
-68.8513,28.2045
-68.8478,28.1836
-68.8732,28.4188
-68.8731,28.388
-68.8267,28.1238
-68.8423,28.0992
-68.8575,28.3358
-68.8778,28.3507
-68.9271,28.7101
-68.9428,28.7161
-68.9087,28.2784
-68.9068,28.2572
-68.9181,28.5939
-68.9491,28.577
-69.0476,28.8286
-69.0338,28.8163
-69.0141,28.442
-69.0193,28.4131
-69.0197,28.571
-68.996,28.5345
-68.976,28.3015
-68.9924,28.2838
-68.9067,28.3089
-68.8912,28.2656
-68.9099,28.0568
-68.894,28.5989
-68.8637,28.1336
-68.8706,28.1013
-68.906,28.5538
-68.9121,28.4953
-68.8883,28.1085
-68.9466,28.6753
-68.8765,28.4645
-68.9039,28.4302
-68.9083,28.5968
-68.8961,28.4961
-68.8652,28.2624
-68.8551,28.2433
-68.8721,28.4635
-68.8364,28.3497
-68.7987,28.1377
-68.8002,28.1216
-68.8177,28.2397
-68.8321,28.1661
-68.7946,28.7366
-68.7839,28.7237
-68.7321,28.2181
-68.8076,28.7442
-68.7716,28.6346
-68.7715,28.5828
-68.7993,28.7794
-68.7584,28.6604
-68.7468,28.526
-68.7359,28.4628
-68.7668,28.6675
-68.755,28.5044
-68.7517,28.397
-68.7428,28.362
-68.7991,28.5445
-68.7754,28.3848
-68.7877,28.3125
-68.7786,28.2845
-68.7773,28.388
-68.7436,28.6642
-68.8197,28.804
-68.8149,28.7214
-68.7771,28.2109
-68.832,28.6864
-68.8129,28.6128
-68.8021,28.553
-68.8375,28.7366
-68.7895,28.5045
-68.8099,28.4749
-68.8123,28.413
-68.8158,28.5216
-68.7862,28.3499
-68.7755,28.3602
-68.7684,28.2958
-68.7938,28.416
-68.7687,28.2335
-68.7516,28.2344
-68.7934,28.7112
-68.7681,28.1928
-68.843,28.5937
-68.8578,28.5701
-68.8349,28.5076
-68.8596,28.6173
-68.8666,28.3809
-68.8492,28.354
-68.8722,28.3281
-68.8325,28.4778
-68.8091,28.3149
-68.8075,28.2633
-68.8182,28.2608
-68.8625,28.4532
-68.8006,28.2842
-68.8112,28.219
-68.8289,28.231
-68.8088,28.3906
-68.8427,28.8747
-68.8645,28.7783
-68.8365,28.7619
-68.8144,28.6923
-68.7757,28.6432
-68.7785,28.5629
-68.7755,28.5257
-68.7858,28.7274
-68.7913,28.5442
-68.7993,28.4837
-68.7672,28.4462
-68.7447,28.6114
-68.7429,28.448
-68.7326,28.3427
-68.738,28.2676
-68.7298,28.3664
-68.7295,28.2217
-68.8068,28.7994
-68.8384,28.7298
-68.7883,28.2712
-68.8364,28.8281
-68.8222,28.7243
-68.8045,28.6184
-68.8393,28.8463
-68.7992,28.6721
-68.7857,28.571
-68.7659,28.4648
-68.7883,28.6059
-68.7821,28.4871
-68.7759,28.3955
-68.7824,28.2992
-68.7811,28.4792
-68.7885,28.3314
-68.7968,28.2664
-68.7571,28.8428
-68.721,28.3649
-68.6576,28.2812
-68.7372,28.8199
-68.7308,28.6184
-68.7887,28.8521
-68.76,28.7577
-68.7516,28.6297
-68.7237,28.463
-68.7529,28.7426
-68.7271,28.6429
-68.716,28.5418
-68.7183,28.4018
-68.7646,28.6322
-68.7214,28.5834
-68.7357,28.4697
-68.7893,28.925
-68.7451,28.5321
-68.7119,28.4981
-68.7203,28.3907
-68.7655,28.8225
-68.7226,28.4455
-68.7632,28.9961
-68.7775,28.8703
-68.7355,28.6147
-68.7386,28.9427
-68.7379,28.8628
-68.7384,28.7508
-68.6584,28.4975
-68.7393,28.751
-68.7078,28.6828
-68.707,28.5939
-68.6584,28.9563
-68.5768,28.5715
-68.5825,28.5287
-68.6033,28.4151
-68.5084,28.8144
-68.4989,28.5378
-68.4701,28.5132
-68.4906,29.0757
-68.476,28.7918
-68.5515,29.07
-68.5347,29.0423
-68.5266,28.8942
-68.4976,28.6245
-68.5429,28.953
-68.5502,28.9094
-68.5332,28.7597
-68.4742,28.9665
-68.4443,28.626
-68.4529,28.585
-68.4408,28.4606
-68.4856,28.7521
-68.4806,28.4428
-68.481,28.4322
-68.4668,28.3153
-68.511,28.6156
-68.4778,28.3925
-68.4737,28.3656
-68.5444,28.8904
-68.5146,28.5499
-68.5513,28.9355
-68.5511,28.9184
-68.5421,28.8077
-68.468,28.6561
-68.5345,28.8282
-68.504,28.8283
-68.5127,28.6776
-68.5152,29.0231
-68.479,28.7651
-68.4764,28.7439
-68.474,28.5983
-68.5029,28.8077
-68.4787,28.5346
-68.4923,28.5184
-68.5364,29.0682
-68.4958,28.666
-68.5303,29.124
-68.5486,29.1085
-68.5414,28.9552
-68.5291,28.5755
-68.6396,29.0349
-68.6266,29.0154
-68.6228,28.8927
-68.6612,29.128
-68.607,28.9243
-68.6094,28.8991
-68.5984,28.7499
-68.5819,28.8072
-68.5877,28.6171
-68.5739,28.6135
-68.5839,28.5054
-68.5925,28.6876
-68.5642,28.5655
-68.5833,28.5402
-68.6508,29.04
-68.5291,28.5855
-68.5903,29.1061
-68.5803,29.05
-68.5651,28.8892
-68.5734,29.0446
-68.5567,28.9024
-68.5488,28.8801
-68.5303,28.7534
-68.5555,28.8804
-68.5636,28.7984
-68.5649,28.7563
-68.5591,28.6539
-68.5008,28.7741
-68.488,28.7051
-68.4936,28.6602
-68.5375,29.1978
-68.4817,28.6607
-68.4933,28.612
-68.5249,29.2356
-68.5054,29.0949
-68.4692,29.2514
-68.4549,29.21
-68.4579,29.088
-68.4513,28.955
-68.5147,28.965
-68.4977,28.9556
-68.4735,28.8562
-68.4795,28.7618
-68.4376,28.9071
-68.4399,28.9232
-68.4256,28.8507
-68.3679,28.7718
-68.4779,28.7561
-68.4645,28.7607
-68.4583,28.7139
-68.6029,29.1936
-68.5433,29.2443
-68.5448,29.261
-68.533,29.1703
-68.5062,29.0521
-68.4874,29.1634
-68.4761,29.1176
-68.4724,29.0535
-68.4568,28.9429
-68.5523,28.9774
-68.5594,28.9007
-68.5609,28.8705
-68.5278,28.7945
-68.5113,28.8797
-68.5198,28.8271
-68.488,28.7972
-68.5371,29.2783
-68.4809,28.7197
-68.5495,29.2696
-68.5268,29.2765
-68.5311,29.1633
-68.4738,29.0853
-68.4509,28.9618
-68.4508,28.9906
-68.4403,28.8643
-68.3592,28.3094
-68.3922,28.2495
-68.3964,28.2649
-68.3773,28.2357
-68.4211,28.3004
-68.4086,28.2692
-68.4251,28.2683
-68.4114,28.26
-68.4153,28.3339
-68.5246,28.5728
-68.5104,28.5552
-68.4978,28.5405
-68.5026,28.5432
-68.4893,28.4488
-68.4826,28.4286
-68.5091,28.4108
-68.5021,28.5135
-68.4742,28.4706
-68.477,28.4338
-68.492,28.4411
-68.447,28.4218
-68.4228,28.3529
-68.4176,28.3156
-68.4294,28.3306
-68.4374,28.3341
-68.4503,28.2576
-68.4759,28.5218
-68.4828,28.5419
-68.4378,28.3203
-68.4913,28.511
-68.488,28.4928
-68.4784,28.4679
-68.5002,28.5978
-68.4638,28.5453
-68.4955,28.4883
-68.4546,28.4581
-68.4273,28.5516
-68.4518,28.4643
-68.4352,28.4422
-68.4294,28.3955
-68.4149,28.462
-68.3986,28.4386
-68.4024,28.4129
-68.4189,28.6694
-68.3816,28.4617
-68.4325,28.676
-68.4177,28.6424
-68.4184,28.5811
-68.4486,28.4525
-68.4035,28.6315
-68.4169,28.6001
-68.3899,28.5272
-68.351,28.6131
-68.344,28.4991
-68.3664,28.4862
-68.3523,28.4329
-68.2704,28.5
-68.278,28.3954
-68.2701,28.3613
-68.3022,28.606
-68.2591,28.3704
-68.2943,28.2425
-68.3185,28.5204
-68.2947,28.4525
-68.2654,28.284
-68.2799,28.5557
-68.2895,28.5353
-68.2747,28.4363
-68.2807,28.5854
-68.2882,28.4849
-68.2704,28.4854
-68.2642,28.3978
-68.2933,28.569
-68.2624,28.4131
-68.2767,28.4238
-68.2843,28.6357
-68.2415,28.504
-68.2465,28.4143
-68.231,28.3837
-68.2723,28.5703
-68.259,28.4593
-68.2786,28.6799
-68.2605,28.6513
-68.2343,28.5037
-68.2341,28.3378
-68.2417,28.572
-68.2582,28.5688
-68.23,28.4112
-68.235,28.6182
-68.2516,28.4843
-68.2235,28.5039
-68.25,28.7081
-68.208,28.6442
-68.2281,28.5217
-68.216,28.517
-68.2358,28.6836
-68.2243,28.5695
-68.3256,28.7571
-68.3335,28.7764
-68.3031,28.5934
-68.251,28.4577
-68.3351,28.6911
-68.3391,28.6958
-68.3184,28.5348
-68.3362,28.7683
-68.3063,28.6364
-68.3248,28.6338
-68.3737,28.7519
-68.3201,28.7163
-68.3443,28.5535
-68.3324,28.55
-68.3366,28.7485
-68.3111,28.6629
-68.2974,28.5491
-68.3016,28.5693
-68.3143,28.6969
-68.2959,28.61
-68.3148,28.8381
-68.3149,28.8581
-68.2826,28.6471
-68.2831,28.5611
-68.3021,28.7214
-68.3019,28.7248
-68.2699,28.5533
-68.2776,28.7927
-68.262,28.6858
-68.2661,28.6927
-68.2729,28.8393
-68.254,28.7428
-68.246,28.5927
-68.2496,28.5937
-68.2399,28.7211
-68.2433,28.6523
-68.2373,28.8609
-68.2081,28.875
-68.1741,28.6559
-68.1784,28.6028
-68.1353,28.8153
-68.1504,28.8334
-68.1222,28.654
-68.1254,28.9416
-68.123,28.8094
-68.1119,28.7904
-68.1412,28.8969
-68.12,28.8834
-68.0988,28.7311
-68.1159,28.7164
-68.101,28.8169
-68.1101,28.7985
-68.0982,28.6512
-68.1365,28.9593
-68.1065,28.8052
-68.111,28.7911
-68.1523,28.9619
-68.13,28.9143
-68.1191,28.7245
-68.1031,28.722
-68.1187,28.8632
-68.0822,28.8387
-68.1112,28.9531
-68.1235,28.9454
-68.0861,28.7354
-68.0929,28.7383
-68.112,28.8508
-68.1135,28.8169
-68.1092,28.7191
-68.1016,28.6964
-68.1129,28.7951
-68.1058,28.7933
-68.1535,28.9431
-68.1342,28.9398
-68.0957,28.7486
-68.1064,28.7311
-68.1014,28.9543
-68.1115,28.9429
-68.1496,28.9796
-68.1189,29.0025
-68.1258,28.8445
-68.0934,28.8341
-68.0686,28.9915
-68.0549,28.9229
-68.0449,28.7744
-68.0341,28.7137
-68.0726,28.8801
-68.0824,28.8056
-68.052,28.7381
-68.0805,29.0054
-68.0468,28.7779
-68.037,28.7361
-68.1076,29.0071
-68.1166,28.9791
-68.1164,28.8359
-68.1528,29.0795
-68.1588,28.9645
-68.1317,28.9171
-68.1342,29.1096
-68.1091,29.0414
-68.1089,28.9685
-68.0991,28.9086
-68.0867,29.0704
-68.0841,28.9786
-68.0717,28.8631
-68.1143,29.1502
-68.0982,29.0003
-68.1139,28.8787
-68.1497,29.0885
-68.132,29.0496
-68.1079,28.8174
-68.142,29.0643
-68.1162,28.9804
-68.129,28.9628
-68.0928,28.833
-68.0969,29.0052
-68.1226,28.9627
-68.1023,28.9003
-68.148,28.9861
-68.1158,28.8667
-68.14,28.8253
-68.1211,28.7796
-68.1258,28.9909
-68.1099,28.867
-68.1438,28.8793
-68.181,29.044
-68.1262,28.9171
-68.1225,29.0948
-68.1516,29.0436
-68.1098,28.9894
-68.1226,28.811
-68.0971,28.9509
-68.1236,28.9084
-68.0965,28.8476
-68.0941,29.0557
-68.0776,28.8665
-68.0793,28.8077
-68.084,28.7694
-68.1094,28.9762
-68.112,28.8171
-68.1216,28.7963
-68.1314,29.0568
-68.1131,28.8897
-68.1765,29.0168
-68.1717,29.0017
-68.1452,28.9683
-68.1278,28.8307
-68.1041,28.937
-68.1163,28.9213
-68.123,28.8692
-68.1175,28.7396
-68.0695,28.8479
-68.0922,28.8318
-68.0646,28.797
-68.0754,28.9912
-68.0775,28.7272
-68.0757,28.7373
-68.1714,28.9053
-68.086,28.9308
-68.1546,29.0772
-68.14,29.0726
-68.1231,29.0323
-68.1143,28.9263
-68.1306,29.0797
-68.1238,29.0852
-68.1217,29.04
-68.116,28.919
-68.0648,29.0089
-68.0822,28.9741
-68.0954,28.9212
-68.0993,29.0965
-68.0355,28.939
-68.0469,28.89
-68.0216,28.8393
-68.0416,29.0146
-68.0393,28.8159
-68.0577,29.1299
-68.0346,29.1025
-68.0327,28.9686
-68.0421,29.1504
-68.0248,29.1201
-68.0527,29.0852
-68.0294,28.9066
-68.0542,28.9832
-68.0332,28.9247
-68.0607,28.897
-68.0311,28.8203
-68.0584,28.8976
-68.0351,28.8576
-68.0293,28.8237
-68.0332,29.0454
-67.9682,28.8337
-68.0113,29.1224
-67.9807,29.1033
-67.9782,29.0139
-67.9826,29.1679
-67.9625,29.1184
-67.9839,29.0839
-67.9382,28.9918
-67.9775,29.0843
-67.951,29.0152
-67.9476,28.9898
-67.9457,28.8527
-67.9942,28.9912
-67.949,28.8956
-67.9533,28.9042
-68.0445,29.0649
-67.9748,28.8546
-67.9597,28.8441
-67.9212,28.8607
-67.9768,29.0451
-67.9825,28.8818
-68.0156,29.1496
-68.0062,29.115
-68.0064,29.0596
-67.98,29.1574
-67.9758,29.1062
-67.9933,29.1017
-67.975,29.0417
-67.9569,29.1179
-67.9464,29.0511
-67.9425,29.0471
-67.9201,29.0167
-67.9351,29.0254
-67.9146,28.9514
-67.9169,28.9482
-67.9535,29.1938
-67.9418,28.9283
-67.9757,29.159
-67.9591,29.1042
-67.9456,29.0932
-67.976,29.1873
-67.9495,29.1058
-67.9392,29.0429
-67.9033,29.0168
-67.958,29.0795
-67.9217,29.0024
-67.9178,28.9481
-67.9176,28.9234
-67.9056,29.0338
-67.9072,28.9466
-67.8786,28.9327
-67.9813,29.1426
-67.8923,29.0449
-67.9948,29.242
-67.9757,29.1919
-67.9679,29.1972
-67.9273,28.9475
-67.9986,29.1294
-68.0065,29.0683
-67.9787,29.0714
-68.0423,29.1579
-68.0069,29.0651
-67.9941,28.9903
-67.9996,29.0096
-67.9534,29.1177
-67.9735,29.0281
-67.9572,28.9791
-67.9565,28.9777
-67.9362,29.1134
-67.9102,29.0204
-67.95,29.2672
-67.944,29.2521
-67.9306,28.9994
-67.962,29.1962
-67.9355,29.1533
-67.9273,29.1505
-67.9559,29.298
-67.9632,29.2108
-67.9438,29.1628
-67.948,29.1249
-67.9371,29.3283
-67.9356,29.2012
-67.9099,29.1642
-67.9202,29.116
-67.9745,29.1801
-67.9445,29.1
-67.9593,29.0322
-68.0098,29.3329
-68.0182,29.1259
-67.9805,29.292
-67.9578,29.2727
-67.9598,29.1851
-67.9536,28.988
-67.9758,29.1881
-67.9672,29.1368
-67.9538,29.0685
-67.9859,29.2332
-67.9668,29.1006
-67.9531,29.0847
-67.9713,29.0476
-67.9773,29.2205
-67.9677,29.0997
-67.9426,29.0721
-67.956,29.3214
-67.9576,29.0856
-67.9777,29.2458
-67.9751,29.2424
-67.9667,29.1734
-67.9585,28.988
-67.9655,29.2056
-67.9621,29.1877
-67.9803,29.0494
-68.0106,29.2522
-67.9754,29.1104
-67.9699,29.0968
-67.9707,29.038
-67.9736,29.2029
-67.9614,29.0957
-67.943,29.0797
-67.9729,29.3126
-67.9442,29.1589
-67.92,29.0519
-67.9362,29.0286
-67.9656,29.195
-67.9607,29.0079
-67.9703,29.1879
-67.9752,29.1739
-67.9722,29.0529
-67.9105,29.1539
-67.9397,29.1122
-67.9574,29.1107
-67.9323,28.9845
-67.9549,29.2014
-67.9174,29.0789
-67.9328,29.0844
-67.9739,29.2729
-67.9194,29.1292
-67.9235,29.0285
-67.9317,29.0317
-67.9635,29.197
-67.9356,29.0744
-67.9562,29.2787
-67.959,29.2843
-67.9295,29.124
-67.9088,29.039
-67.929,29.2426
-67.9482,29.2307
-67.8945,29.0577
-67.8931,29.3129
-67.8708,29.189
-67.8809,29.1635
-67.8938,29.2705
-67.8697,29.1793
-67.8526,29.0456
-67.846,29.0307
-67.8588,29.188
-67.8843,29.1271
-67.8711,29.0444
-67.9203,29.2903
-67.9096,29.1378
-67.8899,29.0534
-67.9147,29.2762
-67.9104,29.2308
-67.9184,29.0194
-67.9569,29.2699
-67.9107,29.2373
-67.915,29.1714
-67.9403,29.3255
-67.9233,29.2969
-67.8922,29.1936
-67.9019,29.162
-67.9018,29.3269
-67.8824,29.259
-67.8708,29.147
-67.8657,29.1287
-67.887,29.2557
-67.8761,29.1809
-67.9569,29.2301
-67.9132,29.3003
-67.8648,29.0647
-67.8487,29.0353
-67.8644,29.2371
-67.895,29.2025
-67.9006,29.3212
-67.8848,29.2904
-67.858,29.182
-67.8738,29.1548
-67.8746,29.2508
-67.857,29.2053
-67.8335,29.0957
-67.8484,29.0681
-67.8609,29.1603
-67.851,29.1443
-67.8227,29.0787
-67.8811,29.3555
-67.8429,29.1523
-67.8332,29.1436
-67.8982,29.4296
-67.8762,29.3915
-67.8784,29.3803
-67.8703,29.4012
-67.8579,29.2772
-67.8682,29.2283
-67.863,29.3248
-67.8644,29.3391
-67.8401,29.2301
-67.8297,29.1513
-67.8434,29.1647
-67.8343,29.1482
-67.817,29.0529
-67.8225,29.0003
-67.849,29.1291
-67.8597,29.1255
-67.8537,29.0683
-67.8852,29.3573
-67.8772,29.1287
-67.9147,29.4378
-67.8797,29.3596
-67.8672,29.2779
-67.8793,29.3818
-67.8575,29.3634
