143.67,61
112.299,61
95.9224,62
86.6777,61
80.979,62
77.094,62
74.0352,61
71.7253,62
70.2285,61
68.7932,62
67.3629,63
66.5883,61
65.6448,61
64.8979,61
64.3174,62
63.8329,61
63.5273,61
63.2209,61
62.9451,61
62.7371,61
62.5715,61
62.4877,61
62.3122,61
62.1572,62
62.0322,61
62.04,61
61.899,61
61.8002,63
61.7113,62
61.804,61
61.7007,61
61.6564,61
61.6049,61
61.6081,62
61.5336,61
61.462,62
61.4465,61
61.5415,61
61.4859,61
61.474,61
61.4423,61
61.4495,61
61.4648,61
61.4171,61
61.4073,61
61.4298,61
61.5234,62
61.4406,61
61.4353,61
61.4298,62
61.4994,61
61.4768,63
61.4558,62
61.4281,61
61.4935,61
61.5106,61
61.453,61
61.4276,61
61.4549,61
61.4713,61
61.4586,61
61.4592,61
61.4628,61
61.5178,61
61.4585,61
61.426,61
61.4216,61
61.4731,61
61.4859,61
61.4483,61
61.4545,61
61.4304,63
61.4467,62
61.4278,61
61.4379,61
61.5329,62
61.5097,61
61.4943,61
61.4921,61
61.5602,61
61.5049,61
61.4154,61
61.4131,61
61.4482,61
61.4812,61
61.4555,62
61.4217,61
61.4389,61
61.4688,61
61.4784,61
61.4304,61
61.4187,62
61.4796,61
61.4876,61
61.447,61
61.4351,61
61.505,61
61.4642,61
61.4091,61
61.2823,61
61.3366,61
61.4082,62
61.3887,61
61.4059,61
61.3556,61
61.4197,61
61.3923,61
61.3914,61
61.3971,61
61.413,61
61.4552,61
61.4204,61
61.3822,61
61.4345,61
61.4562,61
61.423,61
61.418,61
61.4954,61
61.4338,62
61.4167,61
61.3978,61
61.493,61
61.4993,62
61.4822,61
61.4549,61
61.418,75
61.4804,62
61.4445,61
61.4349,61
61.3783,62
61.443,61
61.4118,61
61.4369,61
61.4324,61
61.5269,61
61.4625,61
61.4557,61
61.4371,62
61.4854,61
61.4778,62
61.4769,63
61.424,62
61.4595,63
61.4936,61
61.5182,63
61.4701,62
61.5445,61
61.5802,62
61.547,61
61.4343,61
61.4248,62
61.5017,61
61.4776,61
61.4486,61
61.39,61
61.4251,61
61.4265,61
61.4639,62
61.4714,61
61.5357,61
61.5247,61
61.4657,61
61.4198,61
61.5196,62
61.4696,61
61.4259,61
61.3853,61
61.4346,61
61.4614,62
61.4942,61
61.4433,62
61.3987,61
61.476,62
61.4888,61
61.446,61
61.4658,61
61.5351,62
61.508,61
61.4332,61
61.366,62
61.4947,61
61.4938,62
61.505,61
61.47,61
61.4985,61
61.5426,61
61.4885,61
61.4048,61
61.4456,61
61.4895,61
61.4818,61
61.4525,61
61.4725,61
61.4557,61
61.4738,61
61.4523,61
61.3579,61
61.4341,61
61.4218,61
61.3623,61
61.3318,63
61.4394,61
61.4723,62
61.4973,62
61.4439,61
61.5424,61
61.5221,61
61.4505,61
61.4174,61
61.5259,61
61.5521,62
61.5061,62
61.4573,62
61.4342,73
61.5316,61
61.4532,61
61.3994,61
61.4096,61
61.5011,62
61.429,62
61.3621,61
61.2879,61
61.3688,62
61.4118,61
61.4052,61
61.3645,61
61.4124,61
61.4641,61
61.4215,61
61.4802,61
61.5625,62
61.4984,61
61.4938,61
61.4557,61
61.4795,75
61.5044,61
61.421,61
61.3904,61
61.3897,61
61.4386,61
61.3728,62
61.4179,61
61.4371,61
61.5519,61
61.4943,64
61.4913,61
61.4367,63
61.4415,61
61.4552,65
61.4204,61
61.4375,62
61.5492,61
61.5596,61
61.5387,61
61.5006,61
61.4812,61
61.5218,61
61.504,61
61.4681,61
61.4646,62
61.4691,62
61.4292,61
61.3866,61
61.3767,61
61.5115,61
61.4487,61
61.3987,61
61.3652,61
61.4415,61
61.4261,61
61.397,62
61.3625,61
61.4151,62
61.4463,62
61.3895,61
61.3568,61
61.3848,62
61.4085,61
61.3814,62
61.3597,61
61.3678,61
61.393,61
61.3743,61
61.3144,61
61.327,62
61.3591,61
61.3633,62
61.4094,61
61.429,61
61.5199,61
61.7034,61
61.8244,61
61.9323,61
61.6096,68
61.4346,61
61.2929,62
61.3003,62
61.2441,61
61.3383,61
61.3442,61
61.3101,61
61.3315,61
61.3884,62
61.4271,61
61.4077,61
61.4095,61
61.4585,61
61.3971,61
61.3347,61
61.4119,61
61.494,61
61.5342,62
61.4907,61
61.5087,61
61.5701,61
61.4548,61
61.3887,61
61.3464,62
61.3344,62
61.4243,62
61.3781,62
61.3805,61
61.3721,61
61.4911,61
61.4225,61
61.3748,61
61.3761,61
61.4079,61
61.4166,61
61.3754,61
61.3967,61
61.4984,61
61.4694,61
61.4447,61
61.4421,62
61.5147,62
61.4627,61
61.4498,61
61.4618,61
61.4126,61
61.4516,61
61.4166,61
61.3827,62
61.8451,61
66.8104,61
64.606,61
63.4664,63
62.8665,62
62.393,61
62.1485,61
61.9706,63
61.8902,61
61.784,61
61.6784,61
61.6674,61
61.6843,62
61.6498,63
61.5762,61
61.5609,62
61.5263,61
61.4241,61
61.3671,61
61.3608,61
61.3415,62
61.3774,61
61.3227,62
61.2993,61
61.3242,61
61.3841,61
61.4033,62
61.3497,61
61.3635,61
61.4601,61
61.475,61
61.4001,61
61.4289,62
61.4903,61
61.4483,62
61.4156,62
61.4492,62
61.4211,72
61.4822,62
61.4001,62
61.4859,61
61.4467,61
61.5091,64
61.5055,61
61.4772,61
61.4388,61
61.4599,62
61.4394,61
61.4211,61
61.396,61
61.4017,61
61.4297,62
61.3715,61
61.4367,61
61.4594,61
61.4266,61
61.3779,61
61.4005,62
61.3861,61
61.3621,62
61.3525,61
61.3749,61
61.343,61
61.3633,62
61.3386,62
61.4435,61
61.3993,61
61.3997,61
61.3496,61
61.3658,62
