54.9015,61
41.4934,60
37.33,61
37.3454,60
39.2764,60
41.9901,60
44.7135,60
47.1492,60
49.7261,59
51.7436,61
53.0691,60
54.2889,60
55.1224,60
56.0785,76
56.9416,60
57.5164,60
58.005,60
58.1088,60
58.5513,59
58.8229,60
59.1707,61
59.1694,60
59.3886,61
59.6205,62
59.756,60
59.8323,61
59.6724,60
59.8445,60
59.8965,60
60.0626,60
60.1771,62
60.0775,60
60.2536,61
60.2975,60
60.2795,59
60.0621,61
60.0811,60
60.2264,60
60.2992,60
60.3571,60
60.2322,60
60.3482,59
60.4027,60
60.3527,60
60.1443,60
60.2693,59
60.3972,61
60.4294,60
60.2761,60
60.128,60
60.1999,60
60.3511,61
60.4408,61
60.4991,60
60.2634,60
60.3975,62
60.3553,60
60.4787,61
60.2611,60
60.3031,59
60.4085,60
60.4286,60
60.4507,60
60.2656,60
60.3941,61
60.3952,61
60.4404,60
60.3065,60
60.1612,60
60.2334,60
60.3497,60
60.3791,60
60.1875,60
60.2191,60
60.355,60
60.3859,61
60.4556,60
60.2384,60
60.3886,61
60.4335,60
60.4534,60
60.2461,60
60.1861,60
60.2463,60
60.356,60
60.3913,60
60.2726,60
60.282,61
60.422,60
60.4135,59
60.3635,60
60.1505,59
60.2854,60
60.244,59
60.2746,61
60.0063,60
60.1623,59
60.4199,62
60.5127,60
60.5311,60
60.141,60
60.0881,60
60.2757,60
60.4341,61
60.2313,61
60.2303,60
60.338,60
60.4307,60
60.4494,60
60.3382,61
60.3685,60
60.4049,60
60.4825,60
60.4963,61
60.3149,60
60.3743,60
60.5442,60
60.5689,60
60.3452,60
60.3801,59
60.5005,59
60.5609,60
60.55,60
60.3215,61
60.3657,60
60.4945,61
60.4883,60
60.4774,60
60.418,60
60.5422,60
60.6176,60
60.6003,59
60.4441,60
60.4679,60
60.5646,60
60.5936,60
60.601,61
60.501,59
60.5289,60
60.5661,60
60.5561,60
60.2865,60
60.3232,60
60.4466,59
60.46,60
60.5134,63
60.2491,60
60.3283,59
60.3435,61
60.4748,61
60.2,60
60.2749,60
60.2991,60
60.3794,60
60.4394,60
60.2841,60
60.3322,60
60.4706,60
60.4445,60
60.3679,60
60.2201,59
60.3722,60
60.4835,60
60.5862,60
60.3388,61
60.4751,59
60.5405,61
60.4963,60
60.5226,60
60.286,60
60.3157,62
60.3582,60
60.474,60
60.2154,60
60.2292,61
60.3156,62
60.3994,60
60.4158,60
60.1569,61
60.279,60
60.4611,60
60.5019,61
60.3901,62
60.1647,60
60.2187,60
60.3768,61
60.4282,60
60.0389,60
60.2978,60
60.4465,59
60.3514,60
60.3461,60
60.0541,61
60.1907,61
60.3196,60
60.3927,60
60.3904,60
60.2779,60
60.428,61
60.5407,60
60.6183,60
60.3758,61
60.3656,59
60.4256,60
60.3833,61
60.5454,60
60.3241,60
60.4037,60
60.5288,60
60.4848,61
60.2603,60
60.3436,60
60.3732,60
60.3474,60
60.3888,60
60.3747,59
60.2988,60
60.4317,60
60.5746,60
60.4257,61
60.2343,59
60.2859,60
60.4313,60
60.4125,60
60.0985,61
60.1081,61
60.2179,60
60.2771,62
60.361,60
60.2017,60
60.2626,59
60.3191,60
60.2418,60
60.264,60
60.1851,60
60.1751,59
60.2977,60
60.3845,61
60.2453,60
60.279,59
60.3265,60
60.2981,60
60.3908,60
60.1832,67
60.1613,61
60.2201,60
60.3394,60
60.1443,63
60.3372,60
60.3169,60
60.3538,60
60.4383,60
60.2285,60
60.274,60
60.2842,60
60.2833,60
60.3205,60
60.1279,60
60.2431,61
60.3378,60
60.404,60
60.1748,61
60.191,59
60.3677,61
60.3473,60
60.2963,61
60.0919,60
60.1628,60
60.2026,61
60.3364,60
60.3404,60
60.147,60
60.2643,60
60.4569,62
60.4947,60
60.2532,60
60.2769,60
60.3841,61
60.4859,60
60.4847,61
60.4536,60
60.5189,60
60.5536,60
60.4991,60
60.2764,60
60.4189,60
60.3985,60
60.4594,59
60.532,60
60.1495,59
60.206,61
60.3419,61
60.3573,60
60.3994,62
60.1319,60
60.222,60
60.9822,60
62.425,61
61.4534,60
61.1738,62
60.9646,60
60.7199,60
60.4482,59
60.4455,61
60.6011,72
60.5988,60
60.5953,60
60.1967,60
60.2384,59
60.4717,60
60.5648,61
60.5581,60
60.3809,61
60.3491,60
60.3662,61
60.468,60
60.2021,60
60.2846,60
60.407,61
60.5244,62
60.5689,61
60.3389,60
60.3841,60
60.4573,60
60.5168,60
60.2933,60
60.1195,60
60.2143,60
60.3564,61
60.5169,60
60.3345,60
60.331,61
60.4019,60
60.357,60
60.4303,60
60.1899,61
60.2995,60
60.4204,60
60.4538,60
60.1487,61
60.2124,60
60.2696,60
60.3875,60
60.4072,60
60.1132,60
60.0666,61
60.2323,60
60.3285,60
60.4167,60
60.4641,60
61.6259,60
61.3688,61
60.574,60
59.9844,60
59.8406,59
59.9485,60
60.0062,60
60.1544,60
59.9715,61
60.0037,60
60.255,60
60.3128,60
60.1603,60
60.2121,60
60.31,59
60.425,59
60.4193,60
60.2728,61
60.3231,60
60.4168,60
60.5421,61
60.5231,60
60.4148,60
60.4541,61
60.5222,60
60.4165,60
60.2166,60
60.2551,60
60.4012,60
60.4441,60
60.4463,60
60.2556,60
60.3192,60
60.4778,60
60.4572,60
60.3182,61
60.2055,61
60.1697,62
60.3083,60
60.1895,60
60.1028,61
60.2182,59
60.3244,69
60.3646,60
60.4083,60
60.2379,60
60.3641,60
60.4839,60
60.47,60
60.2133,63
60.2858,60
60.3127,59
60.3258,60
60.4473,60
60.1955,60
60.2468,62
60.3554,60
60.378,60
60.4835,60
60.3014,59
60.4148,59
60.5051,61
60.4538,60
60.2713,60
60.3237,61
60.3805,61
60.4063,60
60.3881,60
60.0916,61
60.2115,59
60.3481,60
