157.485,61
124.939,60
97.9093,62
84.7598,60
75.5003,61
69.0373,60
64.3053,71
61.1835,60
59.1664,61
58.1261,61
57.5929,67
57.7308,61
57.7731,60
58.0654,61
58.3905,60
58.7264,62
59.0303,61
59.2889,60
59.4772,60
59.602,62
59.9228,60
60.1205,60
60.1664,61
60.2893,63
60.4358,61
60.5171,62
60.5814,61
60.5793,62
60.6109,60
60.796,61
60.7859,62
60.7733,60
60.7168,60
60.7448,60
60.8214,61
60.7728,60
60.7537,60
60.745,60
60.8289,60
60.7438,60
60.7301,61
60.8022,62
60.8168,60
60.8029,60
60.8071,60
60.7242,60
60.8115,61
60.8377,61
60.8697,60
60.8468,60
60.8863,61
60.9113,61
60.8953,60
60.9231,62
60.8976,62
60.9359,61
60.9992,61
60.8886,60
60.9355,60
60.9579,60
61.0008,60
60.8567,61
60.8124,60
60.7928,60
60.8035,61
60.8671,60
60.8571,62
60.796,60
60.7215,70
60.7807,60
60.8147,62
60.777,60
60.7388,61
60.8516,62
60.7584,61
60.7743,60
60.785,60
60.8036,62
60.8714,61
60.8831,60
60.7537,60
60.7409,61
60.7376,63
60.7854,60
60.7657,63
60.7574,61
60.7267,60
60.8396,61
60.801,61
60.7993,60
60.7578,60
60.8786,61
60.8615,60
60.898,60
60.7956,60
60.7829,60
60.9083,60
60.8838,61
60.8239,61
60.7292,70
60.8289,61
60.8197,61
60.8588,61
60.773,61
60.7068,61
60.7672,61
60.7338,60
60.7005,61
60.8136,61
60.8056,61
60.778,61
60.758,60
60.7335,60
60.8617,61
60.8886,60
60.8495,61
60.8236,62
60.8904,61
60.8367,60
60.8713,60
60.772,60
60.803,60
60.8376,61
60.9377,61
60.893,61
60.7942,63
60.7425,61
60.8198,60
60.7999,61
60.6951,60
60.6475,61
60.9018,61
60.7877,61
60.618,60
60.5422,61
60.6162,61
60.699,61
60.7437,61
60.799,60
60.7486,61
60.8094,61
60.8096,60
60.8015,61
60.7453,62
60.7571,62
60.8892,61
60.8743,61
60.8118,60
60.8063,61
60.8994,60
60.9193,62
60.8019,61
60.7688,61
60.909,60
60.8567,60
60.8252,60
60.8055,61
60.7715,61
60.8162,60
60.7061,61
60.6302,60
60.6774,60
60.8642,61
60.7846,60
60.7216,60
60.7165,60
60.6133,60
60.7644,62
60.8452,60
60.7688,60
60.7471,61
60.7767,61
60.857,60
60.7511,60
60.7627,61
60.8551,61
60.8649,61
60.8744,62
60.8895,61
60.7311,60
60.8837,62
60.9092,60
60.8285,60
60.7643,60
60.7304,62
60.7923,60
60.7538,62
60.7254,60
60.8555,60
60.8183,60
60.7513,60
60.7269,61
60.7231,62
60.859,61
60.7588,60
60.7128,61
60.6531,61
60.7475,60
60.7681,60
60.7435,60
60.7129,61
60.723,61
60.8158,61
60.8215,64
60.7827,62
60.8351,61
60.7225,60
60.7375,60
60.6468,61
60.597,60
60.6256,65
60.7828,61
60.6821,60
60.6505,62
60.7564,60
60.802,61
60.7582,60
60.8699,60
60.7284,60
60.7032,60
60.7347,60
60.6503,60
60.5377,60
60.5778,60
60.6391,60
60.738,63
60.7265,60
60.7004,60
60.6746,61
60.7877,60
60.831,61
60.7619,60
60.7475,62
60.7429,61
60.8035,60
60.8098,62
60.8149,60
60.7737,61
60.7344,61
60.7049,61
60.6794,60
60.7365,65
60.8229,61
60.7239,61
60.7,60
60.7215,60
60.7022,60
60.6931,61
60.7649,61
60.7627,62
60.7731,61
60.7985,61
60.7488,60
60.7653,61
60.778,60
60.8293,61
60.8801,60
60.7678,61
60.7593,60
60.7966,60
60.8972,60
60.7766,60
60.7501,62
60.6423,60
60.71,62
60.8732,62
60.9088,61
60.8169,61
60.7682,60
60.8378,61
60.7777,62
60.6883,60
60.7557,60
60.8657,60
60.8074,60
60.7773,61
60.8336,61
60.7687,63
60.9065,61
60.755,60
60.7194,61
60.6861,61
60.8089,61
60.8492,60
60.8641,61
60.8082,61
60.7652,60
60.7663,61
60.7668,60
60.7631,61
60.7699,60
60.801,61
60.7908,60
60.7884,61
60.8457,62
60.8013,61
60.5853,60
61.0639,61
61.1635,61
61.0247,60
61.011,60
60.9618,61
60.8922,63
60.9486,61
60.8232,60
60.8498,60
60.8019,60
60.8564,60
60.8584,61
60.8178,60
60.8408,60
60.8192,61
60.8332,61
60.8215,64
60.8424,60
60.9419,60
60.9146,60
60.8215,61
60.827,61
60.896,60
60.8922,60
60.8541,61
60.8027,61
60.9021,60
60.8495,60
60.8465,61
60.9659,61
60.9909,60
60.8298,60
60.7769,61
60.7157,61
60.7806,61
60.8265,60
60.9373,60
60.8563,60
60.8357,61
60.7775,60
60.7112,60
60.6815,61
60.804,62
60.8792,61
60.8358,60
60.774,61
60.8037,60
60.9278,61
60.9701,62
60.8545,60
60.7347,60
60.7604,62
60.8816,60
62.0512,61
63.0723,60
62.2289,61
61.7752,61
61.4673,60
61.1003,61
60.9117,60
60.7506,66
60.7576,60
60.617,60
60.6615,61
60.6656,60
60.7736,61
60.8344,60
60.8107,62
60.7577,61
60.7973,61
60.7916,61
60.7575,62
60.7931,61
60.7636,62
60.8519,62
60.7923,60
60.8064,61
60.7547,57
60.9524,61
60.9166,61
60.8435,62
60.7732,60
60.7254,60
60.7919,60
60.7669,61
60.8259,60
60.7852,60
60.837,61
60.8271,64
60.7967,62
60.8151,61
60.832,61
60.9446,60
60.853,60
60.8137,61
60.7374,61
60.8606,63
60.7864,60
60.7885,61
60.7477,61
60.8525,61
60.8768,60
60.8136,60
60.9285,61
60.847,61
60.849,61
60.7821,61
60.738,60
60.6684,55
60.835,62
60.7303,61
60.6756,61
60.7648,60
60.7754,60
60.9753,62
60.9538,60
60.8352,62
60.7371,60
60.9612,62
60.9238,61
60.8499,60
60.7628,61
60.6943,60
60.8483,65
