89.197,62
60.433,61
49.0851,61
38.2201,62
33.8515,62
32.725,61
32.6013,61
32.9812,61
32.3089,60
33.1661,62
33.7214,61
34.0444,61
34.3266,60
33.8106,61
34.2765,61
34.5866,61
34.8256,61
35.181,61
35.1379,61
35.4806,61
36.2183,61
36.9386,61
37.7572,62
38.361,61
39.2398,62
40.6512,61
41.937,62
42.8656,62
43.1047,61
43.2751,61
43.4615,62
43.6276,61
43.2866,62
43.2498,63
43.8508,72
43.8989,61
43.8345,61
43.3325,61
43.5096,62
43.6483,61
43.6522,62
43.3004,60
43.3669,61
43.4552,62
43.5536,61
43.7407,61
43.094,62
43.0399,61
43.1417,62
43.2325,61
43.4421,61
43.2058,62
43.2315,62
43.4177,62
43.558,64
43.6321,62
43.3286,61
43.3084,61
43.352,61
43.4563,64
43.6314,61
43.3537,61
43.3034,62
43.4478,61
43.6015,61
43.7867,61
43.2631,64
43.4133,61
43.4918,61
43.7065,61
43.4615,62
43.2907,62
43.412,61
43.5394,62
43.592,63
43.2734,61
43.1371,61
43.3033,61
43.387,61
43.4761,61
43.2108,61
43.0604,62
43.7519,65
44.2274,61
44.4524,63
43.8359,61
43.6476,63
43.5771,62
43.8131,61
40.5443,39
41.4896,61
42.3829,61
42.9889,61
42.7859,61
42.877,61
43.1117,62
43.3406,61
43.4686,61
42.9254,61
43.2107,61
43.4294,60
43.4918,61
43.2921,60
43.1227,64
43.4409,61
43.4627,61
43.6502,61
43.3451,61
43.1597,61
43.4045,61
43.546,61
43.6172,61
