-73.1124,10.6074
-72.757,10.4675
-58.1454,5.00026
-58.0862,4.98023
-31.609,23.0346
-31.5797,23.0066
-29.4493,21.4295
-25.7372,19.8703
-25.5853,19.8337
-23.5485,19.2821
-19.9994,18.614
-19.7718,18.5667
-17.9707,18.4316
-14.6869,18.0552
-14.4193,18.0093
-12.8497,17.8717
-9.71882,17.6732
-9.43943,17.6167
-8.14272,17.5642
-5.4192,17.4274
-5.03804,17.4198
-3.97918,17.4077
-1.63773,17.4504
-1.2853,17.457
-0.447547,17.5037
1.44443,17.6459
1.79105,17.6746
2.29297,17.7173
4.06268,17.9645
4.43372,18.0248
4.80135,18.1985
5.98647,18.5231
6.33841,18.5804
6.6886,18.6599
7.5732,18.9127
7.85382,19.0226
8.08313,19.111
8.83332,19.4525
9.10463,19.5475
9.28415,19.6194
9.93979,19.9917
10.1507,20.105
9.98872,20.0859
10.6712,20.4517
10.8017,20.5416
10.8928,20.5928
11.3422,20.9293
11.5386,21.0721
11.6047,21.0948
11.913,21.3478
12.0998,21.4471
12.1372,21.469
12.3914,21.6867
12.5519,21.7745
12.5124,21.8549
12.7896,21.9662
12.631,21.9924
12.6348,22.0006
12.8063,22.183
12.9379,22.3091
12.9366,22.3113
12.9796,22.4409
13.1374,22.509
13.1455,22.5187
13.3343,22.663
13.4418,22.7364
13.4481,22.7544
13.5365,22.879
13.4001,22.8648
13.4171,22.8963
13.7018,23.0439
13.5969,23.0181
13.6314,23.0344
13.6069,23.1203
13.7318,23.1627
13.7711,23.1765
13.7757,23.2167
13.8776,23.2356
13.9308,23.2424
13.8316,23.2399
13.9154,23.2632
13.6839,23.1862
13.8721,23.3185
13.7123,23.2864
13.7551,23.3294
13.7548,23.3605
13.8076,23.3856
13.8687,23.4258
13.8033,23.4673
13.8849,23.4936
13.9671,23.5229
13.9126,23.5652
13.9713,23.6042
13.8456,23.544
14.0473,23.589
13.978,23.5649
14.0276,23.5953
13.9782,23.6021
13.9916,23.6186
14.0955,23.662
13.9894,23.6835
14.0738,23.7085
14.1509,23.7605
14.101,23.6814
14.1506,23.7076
13.9891,23.699
14.1228,23.7011
14.1664,23.7198
14.017,23.6876
14.1508,23.7463
13.9839,23.6744
14.0748,23.7319
13.9709,23.7029
14.0169,23.7136
14.1402,23.734
14.0676,23.6933
14.1162,23.7123
14.0136,23.7028
14.1338,23.7449
14.173,23.7508
14.1117,23.6762
14.2053,23.7823
14.2296,23.798
14.1366,23.7576
14.0763,23.7173
14.092,23.7222
14.2332,23.7772
14.1178,23.7273
14.1508,23.7467
14.2725,23.801
14.1772,23.7547
14.2264,23.7589
14.0493,23.7041
14.2017,23.7171
14.2222,23.7293
14.1088,23.7384
14.202,23.7788
14.0064,23.7221
14.154,23.7703
14.1113,23.7508
14.1345,23.7556
14.2686,23.8245
14.1447,23.8108
14.1643,23.8182
14.0677,23.7912
14.1682,23.8304
14.1806,23.8319
14.0172,23.7953
14.0835,23.8439
14.0983,23.8419
14.1002,23.8128
13.9588,23.7592
13.9565,23.7614
14.152,23.8188
14.0226,23.7544
14.0377,23.7618
14.0037,23.752
14.0963,23.7982
14.1041,23.8027
14.1358,23.8015
14.2045,23.8478
14.2085,23.848
14.195,23.8229
14.2549,23.8623
14.2559,23.8626
14.2069,23.85
14.0344,23.8023
14.0339,23.8031
14.0566,23.7797
14.1168,23.8012
14.1191,23.803
13.9539,23.8552
14.0299,23.866
14.0388,23.87
14.0948,23.912
14.1506,23.9229
14.1504,23.9284
14.1526,23.9241
13.9682,23.8644
13.9773,23.8603
14.0033,23.8101
14.0461,23.806
14.057,23.8111
14.0215,23.7908
14.0739,23.8073
14.0889,23.8111
14.0845,23.7898
14.1163,23.801
14.1355,23.8015
14.0961,23.7989
14.1224,23.805
14.0123,23.7565
13.9309,23.7314
13.926,23.7389
13.9466,23.7387
13.9629,23.8525
13.9889,23.8583
14.0061,23.8683
14.0033,23.8717
14.0171,23.8733
14.0464,23.8798
14.0855,23.8603
14.0871,23.8622
14.124,23.8552
13.8909,23.7226
13.8902,23.7235
13.8989,23.7279
13.804,23.7114
13.817,23.7129
13.8408,23.7226
13.8046,23.6987
13.8153,23.7039
13.8401,23.7123
13.9364,23.7174
13.9538,23.7238
13.9623,23.7252
13.9676,23.7468
13.7894,23.6815
13.7928,23.6845
13.8377,23.6411
13.8522,23.6639
13.8516,23.6695
13.8073,23.726
13.8617,23.7312
13.8623,23.7333
13.8779,23.7165
13.9205,23.736
13.9235,23.7382
13.9254,23.7154
13.9583,23.7578
13.9606,23.7663
13.9524,23.7828
13.7784,23.7103
13.7916,23.7132
13.7585,23.733
13.8202,23.758
13.8387,23.7612
13.8351,23.747
13.9026,23.7452
13.9206,23.7539
13.8698,23.7626
13.9029,23.7856
13.9261,23.7962
13.8785,23.7345
13.707,23.6731
13.7095,23.6882
13.6878,23.6884
13.7314,23.6936
13.7686,23.7
13.7031,23.6843
13.765,23.7148
13.8048,23.7281
13.6843,23.6738
13.7455,23.7117
13.776,23.7229
13.7532,23.7264
13.7954,23.7454
13.62,23.6771
13.788,23.7161
13.5677,23.7378
13.6321,23.7504
13.6323,23.7832
13.722,23.8088
13.758,23.8337
13.6793,23.7983
13.7563,23.8158
13.8274,23.8069
13.7506,23.7917
13.8169,23.7967
13.6501,23.7383
13.8001,23.7946
13.5459,23.7246
13.6221,23.7438
13.7517,23.7871
13.5813,23.7597
13.6572,23.7992
13.536,23.7701
13.6254,23.8135
13.7128,23.8438
13.6359,23.7925
13.7024,23.8208
13.4786,23.721
13.6027,23.7374
13.5321,23.6194
13.5393,23.7085
13.6323,23.7809
13.4089,23.7104
13.5022,23.7578
13.3402,23.7412
13.4523,23.7488
13.5323,23.8024
13.486,23.7766
13.5948,23.8133
13.5532,23.7746
13.6655,23.8009
13.7835,23.8177
13.697,23.7373
13.7693,23.7786
13.5817,23.7514
13.7156,23.8087
13.8014,23.8251
13.6567,23.7827
13.7352,23.8263
13.453,23.7702
13.582,23.7882
13.4478,23.7647
13.5127,23.8019
13.6715,23.8084
13.5326,23.7873
13.5949,23.8162
13.4859,23.7655
13.643,23.8082
13.7197,23.8027
13.5611,23.7985
13.7006,23.8126
13.5204,23.7715
13.6356,23.7915
13.4373,23.7529
13.4856,23.7645
13.6386,23.7851
13.5,23.7944
13.5503,23.8122
13.6647,23.8456
13.5938,23.8022
13.6407,23.7994
13.5054,23.7896
13.6486,23.8212
13.6697,23.8283
13.6213,23.8316
13.5561,23.7848
13.5587,23.7922
13.6746,23.8426
13.5603,23.8146
13.5832,23.8092
13.6966,23.8502
13.6228,23.7909
13.6287,23.7945
13.4944,23.8053
13.6366,23.8766
13.6375,23.8764
13.526,23.846
13.6774,23.915
13.6448,23.8963
13.6162,23.8689
13.5407,23.7971
13.5468,23.8112
13.6759,23.863
13.5285,23.8483
13.5377,23.858
13.4863,23.8669
13.6867,23.858
13.7068,23.8693
13.6032,23.8104
13.7285,23.8714
13.7205,23.9097
13.6059,23.8899
13.4904,23.8422
13.538,23.8485
13.6823,23.8526
13.5217,23.8937
13.5548,23.9137
13.6542,23.9144
13.6302,23.8917
13.6793,23.9162
13.5398,23.8818
13.6631,23.9592
13.6897,23.9831
13.5682,23.9321
13.6977,23.9524
13.4385,23.9552
13.5447,23.9616
13.4959,23.917
13.5925,23.9175
13.6797,23.9499
13.5529,23.8996
13.6314,23.9276
13.4796,23.8587
13.6189,23.8955
13.6716,23.936
13.4282,23.8519
13.5955,23.8646
13.4511,23.9403
13.5606,23.9412
13.4602,23.8893
13.5704,23.9047
13.6387,23.9107
13.546,23.883
13.6758,23.9095
13.7277,23.9219
13.6082,23.8972
13.6785,23.9635
13.4747,23.9222
13.6337,23.9617
13.4795,23.8489
13.5595,23.8644
13.6694,23.9094
13.6741,23.8108
13.7247,23.8116
13.5966,23.7204
13.7087,23.7765
13.7526,23.7834
13.6637,23.8071
13.7998,23.8262
13.5922,23.7758
13.6787,23.8445
13.5516,23.8218
13.5829,23.8365
13.6939,23.8702
13.5978,23.8509
13.6276,23.8673
13.6832,23.9417
13.6833,23.9258
13.7343,23.9362
13.6447,23.8186
13.7496,23.8875
13.7503,23.9016
13.6198,23.8719
13.5283,23.8301
13.5428,23.8351
13.6633,23.8773
13.567,23.8538
13.5808,23.8594
13.6771,23.8655
13.5258,23.8371
13.5385,23.8351
13.418,23.7741
13.6329,23.816
13.6378,23.8167
13.4938,23.7676
13.4211,23.7648
13.4225,23.7652
13.5237,23.7942
13.4487,23.775
13.4491,23.775
13.5645,23.8074
13.53,23.7986
13.5345,23.8027
13.6194,23.8241
13.5315,23.7676
13.5446,23.7663
13.347,23.7481
13.5209,23.8355
13.3062,23.7617
13.4074,23.7867
13.2701,23.7564
13.288,23.7637
13.3582,23.7995
13.3362,23.8067
13.3596,23.8072
13.4672,23.7893
13.4633,23.764
13.483,23.7726
13.2102,23.6892
13.4398,23.737
13.1983,23.7398
13.2566,23.7813
13.1902,23.7526
13.2251,23.7655
13.2767,23.7808
13.246,23.758
13.294,23.7673
13.3376,23.7622
13.3057,23.7607
13.3493,23.7621
13.3686,23.7846
13.4208,23.7977
13.4424,23.8135
13.2313,23.7444
13.2453,23.7332
13.2752,23.7355
13.3014,23.7474
13.2624,23.7336
13.3314,23.7566
13.3559,23.7595
13.3398,23.7042
13.4135,23.6953
13.4421,23.6868
13.3389,23.6536
13.3694,23.7095
13.3525,23.7029
13.371,23.7137
13.1984,23.643
13.2045,23.6446
13.1629,23.7233
13.252,23.7341
13.2562,23.7336
13.2766,23.7441
13.3525,23.7594
13.3589,23.7558
13.4207,23.7592
13.4791,23.7642
13.4885,23.7686
13.4506,23.7568
13.2997,23.6307
13.3195,23.6322
13.3941,23.6391
13.439,23.6737
13.4585,23.6863
13.375,23.696
13.4609,23.7006
13.4882,23.7081
13.3622,23.7695
13.4156,23.8061
13.4256,23.8261
13.4375,23.7183
13.4842,23.7323
13.299,23.6398
13.4828,23.7214
13.3127,23.6433
13.3688,23.6544
13.2714,23.641
13.3515,23.6435
13.408,23.6638
13.2282,23.7118
13.2741,23.7318
13.3185,23.7343
13.3346,23.6333
13.3921,23.6266
13.282,23.6131
13.4576,23.6865
13.1434,23.6261
13.2304,23.6269
13.1552,23.6125
13.1985,23.6213
13.2602,23.6701
13.1885,23.627
13.2211,23.6762
13.2956,23.6989
13.2515,23.6946
13.288,23.7061
13.1202,23.6686
13.3033,23.7062
13.3452,23.7103
13.232,23.646
13.4226,23.658
13.1138,23.5594
13.2573,23.5929
13.1488,23.5876
13.2002,23.6066
13.2822,23.6721
13.2854,23.6582
13.3141,23.6579
13.2088,23.6094
13.3424,23.6643
13.3769,23.6612
13.2609,23.5762
13.3516,23.636
13.3466,23.6685
13.1669,23.5963
13.0626,23.5335
13.0932,23.5447
13.2416,23.5771
13.1455,23.5123
13.1754,23.5095
13.2667,23.4375
13.2277,23.5129
13.2465,23.5168
13.1923,23.4414
13.2879,23.5005
13.3041,23.5002
13.0615,23.53
13.1571,23.5791
12.9436,23.4987
13.1443,23.526
13.1281,23.5328
13.1477,23.5389
13.2692,23.6226
13.1993,23.5337
13.2201,23.535
13.0291,23.4878
13.1551,23.518
13.1703,23.517
13.111,23.4788
13.1795,23.566
13.1817,23.5726
13.1573,23.5669
12.9052,23.4883
12.9148,23.4933
13.1403,23.5387
13.0053,23.5207
13.0124,23.521
12.9624,23.5093
13.0688,23.5331
13.0736,23.5329
13.058,23.5061
13.1517,23.5348
13.1539,23.5341
13.0963,23.5667
13.1509,23.6151
13.1521,23.6154
13.2157,23.6261
13.0579,23.5608
13.0573,23.5619
13.1136,23.5504
13.1944,23.5912
13.1952,23.593
13.2534,23.6004
13.3217,23.6252
13.3238,23.6305
13.3681,23.675
13.403,23.6967
13.3988,23.7043
13.3819,23.6877
13.1938,23.6158
13.203,23.6238
13.1366,23.6292
13.1931,23.6515
13.2041,23.6526
13.1656,23.6473
13.1939,23.6778
13.2028,23.6845
13.1059,23.6661
13.1467,23.6748
13.157,23.6773
13.2903,23.6624
13.3088,23.6731
13.1795,23.6219
13.0808,23.5726
13.1167,23.5769
13.1396,23.5822
13.1723,23.5271
13.1933,23.537
13.2076,23.5476
13.243,23.5232
13.2554,23.5297
13.2648,23.5412
13.2222,23.4876
13.2314,23.4882
13.2331,23.5065
12.9423,23.4088
12.945,23.4058
12.9715,23.4118
13.1587,23.4082
13.1641,23.4109
13.1824,23.4145
13.1347,23.4329
13.1474,23.4355
13.1568,23.4427
13.0696,23.4628
13.0888,23.4687
13.0909,23.475
13.1044,23.4982
12.9299,23.5435
12.983,23.4589
13.1017,23.5059
13.1381,23.5059
13.1405,23.5059
13.0368,23.5207
13.0659,23.5385
13.0669,23.5376
13.1393,23.4515
13.1783,23.4664
13.179,23.4679
13.2541,23.4912
13.2787,23.5056
13.2827,23.5115
13.1825,23.4542
12.9923,23.3706
13.0053,23.3795
13.0241,23.3358
13.0776,23.3462
13.1041,23.3483
13.1144,23.2555
13.1555,23.2781
13.1865,23.2782
13.1633,23.2908
13.2065,23.3082
13.219,23.3288
13.1732,23.3446
12.9577,23.2851
12.9993,23.2917
12.9058,23.3015
12.9675,23.3418
13.0255,23.3495
13.0097,23.3295
13.0725,23.3483
13.0986,23.3598
13.0278,23.3512
13.0835,23.3688
13.1075,23.3979
13.0404,23.3208
13.0705,23.365
12.8984,23.2884
13.0793,23.387
12.9746,23.3797
13.0119,23.4247
12.9198,23.4122
12.9958,23.4267
13.0662,23.4311
13.0034,23.4015
13.0548,23.4217
13.1223,23.4352
12.958,23.3813
13.0028,23.4065
12.7344,23.3236
12.8985,23.3677
12.6394,23.276
12.746,23.3063
12.7658,23.3319
12.8455,23.3248
12.9091,23.3603
12.7932,23.3492
12.8856,23.359
12.9639,23.3697
12.8088,23.2947
12.8686,23.3238
12.681,23.2862
12.8575,23.3281
12.919,23.347
12.7819,23.2784
12.9265,23.3194
12.8585,23.2782
12.9748,23.2765
12.8309,23.2416
12.936,23.2729
13.0004,23.3007
12.861,23.2704
12.9698,23.2721
12.7914,23.2293
12.9183,23.2731
12.9714,23.3023
12.8499,23.2007
12.9175,23.256
12.7411,23.1976
12.881,23.2158
13.0075,23.2349
12.862,23.1763
13.0081,23.1912
12.8609,23.1625
12.9467,23.2105
12.6991,23.1434
12.8059,23.1738
12.8811,23.2192
12.7061,23.1531
12.8121,23.1733
12.799,23.1833
12.8225,23.166
12.8976,23.1811
12.7573,23.1505
12.8921,23.194
12.6743,23.1715
12.8189,23.194
12.9394,23.2393
12.8517,23.2186
12.9402,23.2721
12.7117,23.2114
12.7888,23.2335
12.8787,23.2663
12.7675,23.242
12.8222,23.2457
12.6787,23.1942
12.8759,23.2069
12.9033,23.2217
12.7674,23.1765
12.9061,23.2236
12.7187,23.1401
12.8386,23.2024
12.7185,23.1797
12.7556,23.1906
12.8486,23.235
12.6575,23.2322
12.6829,23.2386
12.5303,23.2171
12.6734,23.2689
12.7026,23.2663
12.4988,23.2121
12.69,23.2479
12.7052,23.2551
12.6036,23.2064
12.5273,23.1699
12.5378,23.175
12.6528,23.2461
12.6081,23.3465
12.6103,23.3494
12.7544,23.3841
12.6204,23.3351
12.6218,23.3362
12.5086,23.2865
12.7172,23.3065
12.7204,23.3092
12.6112,23.2503
12.5234,23.2289
12.5482,23.2306
12.6714,23.2552
12.5691,23.2285
12.5982,23.2245
12.7388,23.237
12.6711,23.2147
12.6918,23.2381
12.5113,23.2058
12.6574,23.2654
12.6901,23.2687
12.4886,23.2979
12.6229,23.3725
12.4268,23.2957
12.5623,23.3118
12.4672,23.2757
12.5304,23.2856
12.6626,23.2958
12.5688,23.2657
12.6319,23.277
12.6981,23.3076
12.5368,23.2345
12.602,23.2554
12.4698,23.2046
12.6344,23.2411
12.4906,23.1916
12.5735,23.2443
12.6781,23.2812
12.5423,23.2147
12.6266,23.2077
12.5005,23.1973
12.5829,23.2441
12.6323,23.2676
12.6238,23.2823
12.6942,23.3093
12.5371,23.3665
12.7284,23.3753
12.5373,23.3417
12.6167,23.3758
12.7426,23.4344
12.5731,23.3918
12.6352,23.4026
12.5,23.372
12.6193,23.4191
12.6599,23.4422
12.5421,23.4055
12.6761,23.4228
12.6869,23.4605
12.5821,23.4428
12.4293,23.418
12.4921,23.4398
12.6335,23.4644
12.5491,23.3446
12.5925,23.3559
12.6971,23.408
12.6907,23.4056
12.7154,23.4389
12.6581,23.4438
12.7977,23.4765
12.817,23.4952
12.7016,23.4884
12.7812,23.5411
12.5646,23.4661
12.6827,23.5218
12.525,23.5044
12.5454,23.5231
12.6425,23.5536
12.5533,23.5203
12.5769,23.5232
12.4126,23.4806
12.611,23.5246
12.6267,23.5314
12.5839,23.5133
12.7221,23.5458
12.488,23.4658
12.6095,23.497
12.5288,23.4416
12.5403,23.4431
12.6249,23.4782
12.6405,23.4929
12.6394,23.5043
12.7227,23.5224
12.6087,23.5179
12.6124,23.5189
12.3613,23.4307
12.5695,23.4924
12.5687,23.4932
12.4328,23.4274
12.3861,23.4031
12.3938,23.4063
12.5187,23.4346
12.3799,23.3799
12.388,23.3859
12.4803,23.4096
12.4217,23.3915
12.4447,23.3884
12.5275,23.4176
12.3595,23.446
12.3653,23.4568
12.2138,23.3829
12.1879,23.3466
12.2227,23.3579
12.3123,23.3687
12.5106,23.0408
12.5325,23.0603
12.5675,23.0746
13.6492,23.4795
13.7401,23.3513
13.7058,23.3537
13.3265,23.421
13.3181,23.4297
13.076,23.3422
12.9856,23.3311
12.998,23.3492
13.0129,23.3543
12.8292,23.3331
12.8454,23.3568
12.861,23.3602
12.6288,23.3176
12.6743,23.3019
12.6869,23.3064
12.685,23.3328
12.6955,23.3649
12.6976,23.3736
12.6372,23.3345
12.4641,23.2549
12.4696,23.2554
12.6301,23.1837
12.6806,23.2133
12.6826,23.2118
12.5874,23.2107
12.6364,23.2165
12.6407,23.2146
12.5947,23.201
12.645,23.2254
12.6421,23.234
12.5804,23.2308
12.273,23.142
12.2982,23.1464
12.2599,23.1193
12.3345,23.1296
12.358,23.1408
12.4314,23.1467
12.4865,23.1601
12.5014,23.1761
12.5123,23.1874
12.5579,23.2137
12.586,23.2196
12.5504,23.2029
12.5891,23.2162
12.4233,23.2311
12.591,23.2958
12.4008,23.235
12.4506,23.2272
12.4129,23.1694
12.4424,23.1868
12.5022,23.1971
12.3558,23.1403
12.3948,23.1754
12.4655,23.2056
12.398,23.2203
12.44,23.2269
12.1936,23.1532
12.3582,23.1966
12.2117,23.1435
12.2638,23.1305
12.226,23.1044
12.2414,23.1077
12.3324,23.1337
12.3006,23.1378
12.3328,23.161
12.4178,23.2261
12.3592,23.2249
12.3952,23.2348
12.3306,23.2093
12.4595,23.2766
12.4747,23.2842
12.3117,23.2498
12.5088,23.2486
12.3242,23.1795
12.4215,23.1736
12.4129,23.17
12.4373,23.1812
12.4929,23.2333
12.3659,23.2304
12.4006,23.2445
12.5158,23.2648
12.4584,23.2163
12.4875,23.2162
12.338,23.1759
12.4648,23.2658
12.471,23.2891
12.2348,23.2249
12.0638,23.1568
12.0748,23.1592
12.1909,23.2236
12.1044,23.1883
12.1306,23.1933
12.28,23.2041
12.2031,23.1637
12.2335,23.1683
12.1941,23.1672
12.3669,23.1876
12.3802,23.187
12.2745,23.149
12.3621,23.1907
12.2504,23.1428
12.3733,23.1953
12.2368,23.1358
12.2453,23.1438
12.4083,23.2
12.2755,23.1703
12.2893,23.1729
12.1482,23.1913
12.264,23.2493
12.2695,23.2505
12.237,23.1484
12.3364,23.2171
12.342,23.2177
12.2846,23.1607
12.1581,23.108
12.1614,23.1063
12.3724,23.1447
12.2658,23.0791
12.2692,23.0804
12.2421,23.0045
12.3195,23.0598
12.3218,23.0593
12.255,23.0229
12.3764,23.0468
12.3762,23.0481
12.2378,23.0439
12.3014,23.0802
12.2928,23.0659
12.2805,23.091
12.1009,23.0449
12.1036,23.0521
12.048,22.9959
12.1273,23.0096
12.1469,23.0148
12.1299,23.0016
12.2027,23.0262
12.2142,23.0303
12.1784,23.0435
12.2198,23.0658
12.2282,23.0713
12.1959,23.1018
11.9274,23.0231
11.932,23.0332
11.8569,22.9825
11.8894,23.0144
11.9012,23.0282
11.942,22.9901
11.9916,23.0109
12.0075,23.0267
12.0646,22.982
12.1115,22.9835
12.1308,22.9908
12.1566,23.0223
12.1722,23.041
11.964,22.992
12.0618,23.0018
12.0608,23.0131
12.0811,23.0132
12.0594,22.9984
12.0626,23.0003
12.0595,23.0002
11.8132,22.7862
11.8209,22.7824
11.8364,22.7751
11.8268,22.5728
11.8288,22.5723
11.8385,22.5769
11.639,22.4894
11.6382,22.4901
11.6487,22.4961
11.6577,22.5499
11.6728,22.5524
11.7022,22.5573
11.8201,22.5184
11.8417,22.5248
11.8819,22.5179
11.9335,22.5387
11.9576,22.5412
11.975,22.5471
12.0976,22.6228
12.1528,22.5707
11.8941,22.5815
11.9522,22.5657
11.9874,22.5736
12.0014,22.5776
12.0031,22.592
12.0675,22.5905
12.0684,22.5928
12.1783,22.6755
12.2221,22.6935
12.2236,22.6921
12.2327,22.7015
12.2524,22.732
12.2613,22.7362
12.2518,22.8189
12.0537,22.7686
12.0619,22.7727
12.1071,22.8413
12.1652,22.8802
12.1778,22.8944
12.1936,22.8728
12.2583,22.8869
12.2736,22.8958
12.2665,22.8635
12.3016,22.8961
12.3257,22.893
12.3153,22.8501
12.1588,22.9093
12.164,22.9154
12.222,22.9758
12.2617,22.99
12.2955,22.9996
12.2574,23.0085
12.3108,23.0379
12.3472,23.0421
12.2964,23.035
12.3465,23.0563
12.3711,23.0699
12.431,23.0685
12.4784,23.0987
12.217,23.0913
12.4102,23.1075
12.2849,23.0974
12.3431,23.1145
12.3371,23.12
12.4195,23.1142
12.483,23.1227
12.3389,23.1273
12.4115,23.1496
12.472,23.1482
12.3959,23.126
12.4407,23.1561
12.1464,23.1005
12.2913,23.1588
12.0851,23.1479
12.1821,23.1535
12.1119,23.1134
12.1455,23.1178
12.2188,23.1525
12.1294,23.0871
12.2435,23.0946
12.3067,23.1156
12.2942,23.0953
12.3829,23.1037
12.137,23.0269
12.2696,23.0577
12.2448,23.0623
12.1137,23.0094
12.2581,23.0348
12.1029,22.9363
12.2119,22.979
12.1106,22.8804
12.192,22.9078
12.2848,22.9259
12.1376,22.9123
12.2629,22.9331
12.1366,22.8983
12.2511,22.9197
12.327,22.9387
12.1427,22.9398
12.2615,22.9455
12.017,22.8601
12.1477,22.9053
12.2053,22.9431
11.9938,22.8716
12.1496,22.8864
11.9529,22.8607
12.0793,22.8922
11.8724,22.8416
11.971,22.8507
12.0927,22.8939
11.9487,22.8727
12.029,22.8884
11.792,22.828
11.907,22.8512
11.9657,22.8587
11.8192,22.8385
12.0042,22.8391
11.8304,22.8057
11.9497,22.8201
11.9021,22.7618
11.9256,22.7787
12.0665,22.8076
11.9458,22.7721
12.0097,22.7745
12.1527,22.8088
11.9685,22.7615
12.0219,22.7564
11.8548,22.7468
12.0212,22.7884
12.0417,22.8062
11.9733,22.7051
11.8889,22.7096
11.8959,22.7203
12.0372,22.756
12.0102,22.6553
12.0298,22.6629
12.1224,22.731
12.0343,22.7337
12.0576,22.7284
11.8938,22.7178
12.0538,22.7568
12.0553,22.7588
11.8898,22.7729
12.0577,22.8283
12.0578,22.8306
12.0019,22.7797
11.877,22.7764
11.8864,22.7797
11.9889,22.8218
11.9236,22.7931
11.9323,22.7988
12.0557,22.8071
11.8931,22.7495
11.9257,22.7494
11.8134,22.6682
12.0109,22.7042
12.0454,22.7122
11.9225,22.6612
11.8236,22.6382
11.844,22.6452
11.9764,22.6771
11.8868,22.6253
11.9439,22.642
12.0584,22.6404
11.9705,22.6296
12.0133,22.6526
11.7417,22.6177
11.9394,22.6367
11.985,22.6591
11.9776,22.5864
12.0984,22.6466
11.9812,22.6267
12.0789,22.6441
11.9355,22.6348
12.0002,22.6712
12.0666,22.7081
12.0134,22.7436
12.0759,22.7859
12.1357,22.7989
12.0461,22.9359
12.1172,22.9407
11.8323,22.8743
11.9758,22.9266
11.809,22.8621
11.9327,22.8524
11.8318,22.8122
11.9437,22.8053
12.0293,22.8137
11.8771,22.7849
12.0404,22.7723
12.1,22.7907
11.9181,22.7212
12.0368,22.7434
11.6867,22.7563
11.8517,22.7636
11.6942,22.7303
11.7593,22.7323
11.8975,22.7418
11.7783,22.6925
11.8447,22.7077
11.6248,22.6303
11.7553,22.6427
11.8119,22.6308
11.7232,22.5921
11.8554,22.6308
11.766,22.6366
11.8202,22.5606
11.6275,22.5917
