63.6396,62
63.6396,62
63.6396,62
63.6396,66
63.6396,61
63.6396,62
63.6396,63
63.6396,61
63.6396,61
63.6396,62
63.6396,61
63.6396,62
63.6396,61
63.6396,61
63.6396,61
63.6396,64
63.6396,64
63.6396,62
63.6396,61
63.6396,62
63.6396,65
63.6396,64
63.6396,62
63.6396,63
63.6396,61
63.6396,62
63.6396,62
63.6396,62
63.6396,61
63.6396,61
63.6396,62
63.6396,61
63.6396,61
63.6396,61
63.6396,61
63.6396,63
63.6396,62
63.6396,60
63.6396,62
63.6396,63
63.6396,61
63.6396,61
63.6396,62
63.6396,64
63.6396,62
63.6396,63
63.6396,62
63.6396,61
63.6396,63
63.6396,61
63.6396,61
63.6396,69
63.6396,65
63.6396,62
63.6396,63
63.6396,63
63.6396,61
63.6396,61
63.6396,63
63.6396,62
63.6396,63
63.6396,62
63.6396,62
63.6396,62
63.6396,64
63.6396,63
63.6396,63
63.6396,61
63.6396,61
63.6396,67
63.6396,61
63.6396,61
63.6396,62
63.6396,61
63.6396,66
63.6396,63
63.6396,65
63.6396,61
63.6396,61
63.6396,62
63.6396,22
63.6396,61
63.6396,62
63.6396,62
63.6396,64
63.6396,61
63.6396,62
63.6396,62
63.6396,23
63.6396,61
63.6396,63
63.6396,64
63.6396,62
63.6396,62
63.6396,61
63.6396,61
63.6396,61
63.6396,62
63.6396,62
63.6396,64
63.6396,61
63.6396,61
63.6396,61
63.6396,61
63.6396,61
63.6396,61
63.6396,80
63.6396,62
63.6396,61
63.6396,62
63.6396,64
63.6396,63
63.6396,61
63.6396,61
63.6396,62
63.6396,63
63.6396,63
63.6396,62
63.6396,62
63.6396,62
63.6396,61
63.6396,63
63.6396,61
63.6396,63
