61.8466,61
61.8466,62
61.8466,60
61.8466,61
61.8466,62
61.8466,61
61.8466,61
61.8466,61
61.8466,61
61.8466,62
61.8466,60
61.8466,61
61.8466,61
61.8466,61
61.8466,61
61.8466,63
61.8466,62
61.8466,61
61.8466,61
61.8466,61
61.8466,61
61.8466,61
61.8466,60
61.8466,61
61.8466,61
61.8466,60
61.8466,61
61.8466,62
61.8466,62
61.8466,62
61.8466,60
61.8466,61
61.8466,61
61.8466,62
61.8466,61
61.8466,60
61.8466,61
61.8466,62
61.8466,63
61.8466,62
61.8466,60
61.8466,61
61.8466,61
61.8466,61
61.8466,61
61.8466,61
61.8466,61
61.8466,61
61.8466,61
61.8466,62
61.8466,61
61.8466,61
61.8466,61
61.8466,60
61.8466,61
61.8466,61
61.8466,61
61.8466,61
61.8466,61
61.8466,61
61.8466,62
61.8466,61
61.8466,61
61.8466,61
61.8466,62
61.8466,62
61.8466,61
61.8466,61
61.8466,60
61.8466,62
61.8466,61
61.8466,61
61.8466,61
61.8466,61
61.8466,61
61.8466,60
61.8466,23
61.8466,61
61.8466,62
61.8466,61
61.8466,61
61.8466,61
61.8466,61
61.8466,61
61.8466,61
61.8466,60
61.8466,60
61.8466,61
61.8466,62
61.8466,61
61.8466,61
61.8466,60
61.8466,61
61.8466,61
61.8466,61
61.8466,61
61.8466,61
61.8466,60
61.8466,62
61.8466,61
61.8466,61
61.8466,62
61.8466,61
61.8466,60
61.8466,61
61.8466,61
61.8466,61
61.8466,61
61.8466,61
61.8466,60
61.8466,60
61.8466,62
61.8466,61
61.8466,61
61.8466,61
61.8466,61
61.8466,62
61.8466,61
61.8466,61
61.8466,61
61.8466,61
61.8466,62
61.8466,61
61.8466,61
61.8466,62
61.8466,60
